image similarity: 
[0.7779395251475208, 0.8677003370147046, 0.823947457863992, 0.7792360158918454, 0.8110898025363849, 0.6454031045931408, 0.7065854508886087, 0.5875205798274337]
image similarity weights: 
[0.1296690730621791, 0.14463064898920144, 0.13733780025240716, 0.12988517566092336, 0.13519465133891334, 0.10757754249364723, 0.11777558215540392, 0.0979295260473244]
distance: 
[3837.304198651458, 2947.4319172677847, 3188.1484191526706, 3955.0602283822286, 3289.039286314174, 4142.344989782543, 2263.590091062369, 6447.148502181692]
distance weights: 
[0.11287657049813336, 0.14695563801296516, 0.135859966650167, 0.10951583867005636, 0.13169247923069352, 0.104564380555035, 0.1913516672528719, 0.06718345913007756]
==================================================================================================================================
image similarity: 
[0.7837722820470946, 0.7360312475796748, 0.7639208972243152, 0.884652395978895, 0.8708012972194135, 0.5463329252886839, 0.7664733661075135, 0.669806802392655]
image similarity weights: 
[0.13015600412149195, 0.12222795866589567, 0.12685941277220034, 0.1469085135243379, 0.1446083509534983, 0.09072598266661845, 0.12728328480504875, 0.11123049249090872]
distance: 
[3837.304198651458, 2947.4319172677847, 3188.1484191526706, 3955.0602283822286, 3289.039286314174, 4142.344989782543, 2263.590091062369, 6447.148502181692]
distance weights: 
[0.11287657049813336, 0.14695563801296516, 0.135859966650167, 0.10951583867005636, 0.13169247923069352, 0.104564380555035, 0.1913516672528719, 0.06718345913007756]
==================================================================================================================================
image similarity: 
[0.8749047085658386, 0.7776758486770559, 0.7348423712567155, 0.8382718904378818, 0.8252165591604637, 0.62086313343191, 0.735263445093967, 0.5593898494089553]
image similarity weights: 
[0.14663794434606295, 0.13034195233045984, 0.12316286983539798, 0.1404981200962972, 0.13830998815171597, 0.10405943951993209, 0.12323344369482284, 0.09375624202531098]
distance: 
[3837.304198651458, 2947.4319172677847, 3188.1484191526706, 3955.0602283822286, 3289.039286314174, 4142.344989782543, 2263.590091062369, 6447.148502181692]
distance weights: 
[0.11287657049813336, 0.14695563801296516, 0.135859966650167, 0.10951583867005636, 0.13169247923069352, 0.104564380555035, 0.1913516672528719, 0.06718345913007756]
==================================================================================================================================
image similarity: 
[0.8735426884664891, 0.7677795579896163, 0.8289168265722103, 0.8504343733091657, 0.7676764277703498, 0.6023383842493335, 0.70839876953943, 0.45818755537429423]
image similarity weights: 
[0.14913808052663888, 0.13108136678148757, 0.1415192022821844, 0.14519284715422304, 0.13106375957905916, 0.10283594796284391, 0.1209434113884136, 0.07822538432514933]
distance: 
[3837.304198651458, 2947.4319172677847, 3188.1484191526706, 3955.0602283822286, 3289.039286314174, 4142.344989782543, 2263.590091062369, 6447.148502181692]
distance weights: 
[0.11287657049813336, 0.14695563801296516, 0.135859966650167, 0.10951583867005636, 0.13169247923069352, 0.104564380555035, 0.1913516672528719, 0.06718345913007756]
==================================================================================================================================
image similarity: 
[0.6829167951596687, 0.8282995835088336, 0.7353062919951697, 0.808620538185787, 0.8521472627810944, 0.6815249104745772, 0.6055083620447627, 0.6803764337380518]
image similarity weights: 
[0.1162470891246724, 0.14099435859322806, 0.12516490539599331, 0.13764456290542132, 0.14505374520873948, 0.11601016049121966, 0.1030705131682913, 0.1158146651124345]
distance: 
[3837.304198651458, 2947.4319172677847, 3188.1484191526706, 3955.0602283822286, 3289.039286314174, 4142.344989782543, 2263.590091062369, 6447.148502181692]
distance weights: 
[0.11287657049813336, 0.14695563801296516, 0.135859966650167, 0.10951583867005636, 0.13169247923069352, 0.104564380555035, 0.1913516672528719, 0.06718345913007756]
==================================================================================================================================
image similarity: 
[0.7660558275154299, 0.7679334106033273, 0.7445134746607682, 0.8126471269570203, 0.7289369374859522, 0.6585288503684676, 0.7831637775160879, 0.6763447411057965]
image similarity weights: 
[0.12900636777760807, 0.1293225590598491, 0.12537856338614875, 0.1368524986927566, 0.12275542234172478, 0.11089846459145802, 0.13188740387241066, 0.11389872027804403]
distance: 
[3837.304198651458, 2947.4319172677847, 3188.1484191526706, 3955.0602283822286, 3289.039286314174, 4142.344989782543, 2263.590091062369, 6447.148502181692]
distance weights: 
[0.11287657049813336, 0.14695563801296516, 0.135859966650167, 0.10951583867005636, 0.13169247923069352, 0.104564380555035, 0.1913516672528719, 0.06718345913007756]
==================================================================================================================================
image similarity: 
[0.8096780323308114, 0.8788742801598028, 0.8305759028624339, 0.7917806474590191, 0.7737614841366577, 0.6105857860459689, 0.6392892923731092, 0.5976074792243316]
image similarity weights: 
[0.1364897441709623, 0.14815435378940722, 0.14001255804102375, 0.13347273075953492, 0.13043518880602045, 0.10292819417606529, 0.10776682642118503, 0.100740403835801]
distance: 
[3837.304198651458, 2947.4319172677847, 3188.1484191526706, 3955.0602283822286, 3289.039286314174, 4142.344989782543, 2263.590091062369, 6447.148502181692]
distance weights: 
[0.11287657049813336, 0.14695563801296516, 0.135859966650167, 0.10951583867005636, 0.13169247923069352, 0.104564380555035, 0.1913516672528719, 0.06718345913007756]
==================================================================================================================================
image similarity: 
[0.7435427407471119, 0.7321824212779727, 0.7732277696086458, 0.8820113109205098, 0.7249952107833735, 0.655802354685801, 0.7192889755932443, 0.6010889161608303]
image similarity weights: 
[0.1274905573293246, 0.12554267541051997, 0.1325804609306849, 0.1512328847256798, 0.12431033001679193, 0.11244626988458824, 0.12333191806442617, 0.10306490363798441]
distance: 
[3837.304198651458, 2947.4319172677847, 3188.1484191526706, 3955.0602283822286, 3289.039286314174, 4142.344989782543, 2263.590091062369, 6447.148502181692]
distance weights: 
[0.11287657049813336, 0.14695563801296516, 0.135859966650167, 0.10951583867005636, 0.13169247923069352, 0.104564380555035, 0.1913516672528719, 0.06718345913007756]
==================================================================================================================================
image similarity: 
[0.9508415717866449, 0.8129547121762384, 0.8629510173477642, 0.8093596059807557, 0.8312770136319918, 0.6245990361864588, 0.7289890492575681, 0.6488854109888125]
image similarity weights: 
[0.1516528221446508, 0.1296607973772761, 0.13763487108318304, 0.12908740216967046, 0.13258308096940907, 0.09961933655101027, 0.11626884005999544, 0.10349284964480472]
distance: 
[3837.304198651458, 2947.4319172677847, 3188.1484191526706, 3955.0602283822286, 3289.039286314174, 4142.344989782543, 2263.590091062369, 6447.148502181692]
distance weights: 
[0.11287657049813336, 0.14695563801296516, 0.135859966650167, 0.10951583867005636, 0.13169247923069352, 0.104564380555035, 0.1913516672528719, 0.06718345913007756]
==================================================================================================================================
image similarity: 
[0.8770210583391247, 0.8250379211491026, 0.620803576926992, 0.8024962276900937, 0.7834031794307299, 0.7700535487597151, 0.7090988466706755, 0.6167983411832657]
image similarity weights: 
[0.14605545712740933, 0.1373984006143265, 0.10338605823914193, 0.1336444002841447, 0.1304647230518122, 0.1282415308130425, 0.1180903870143525, 0.1027190428557704]
distance: 
[3837.304198651458, 2947.4319172677847, 3188.1484191526706, 3955.0602283822286, 3289.039286314174, 4142.344989782543, 2263.590091062369, 6447.148502181692]
distance weights: 
[0.11287657049813336, 0.14695563801296516, 0.135859966650167, 0.10951583867005636, 0.13169247923069352, 0.104564380555035, 0.1913516672528719, 0.06718345913007756]
==================================================================================================================================
image similarity: 
[0.8489747020299193, 0.9015510028280405, 0.8411141146126906, 0.81500972642156, 0.6487348020361235, 0.6916409776570375, 0.6184658390228936, 0.6461120760968297]
image similarity weights: 
[0.14122267688616522, 0.14996848040861366, 0.13991510765671175, 0.13557277381565327, 0.10791377542075349, 0.11505100219752952, 0.10287868547864353, 0.10747749813592952]
distance: 
[3837.304198651458, 2947.4319172677847, 3188.1484191526706, 3955.0602283822286, 3289.039286314174, 4142.344989782543, 2263.590091062369, 6447.148502181692]
distance weights: 
[0.11287657049813336, 0.14695563801296516, 0.135859966650167, 0.10951583867005636, 0.13169247923069352, 0.104564380555035, 0.1913516672528719, 0.06718345913007756]
==================================================================================================================================
